create_time 1000
0 0
1 0.001
2 0
3 0.001
4 0
5 0.001
6 0
7 0
8 0.001
9 0
10 0.001
11 0
12 0.001
13 0
14 0.001
15 0.001
16 0
17 0.001
18 0
19 0.001
20 0.001
21 0
22 0.001
23 0
24 0.001
25 0
26 0.001
27 0.001
28 0
29 0.001
30 0
31 0.001
32 0
33 0.001
34 0
35 0.001
36 0.001
37 0
38 0.001
39 0
40 0.001
41 0.001
42 0
43 0.001
44 0.001
45 0.001
46 0
47 0.001
48 0.001
49 0
50 0.001
51 0.001
52 0
53 0.001
54 0
55 0.001
56 0.001
57 0
58 0.001
59 0
60 0.001
61 0.001
62 0
63 0.001
64 0
65 0.001
66 0.001
67 0.001
68 0.001
69 0
70 0.001
71 0.001
72 0.001
73 0
74 0.001
75 0.001
76 0
77 0.001
78 0
79 0
80 0.001
81 0
82 0.001
83 0.001
84 0
85 0.001
86 0.001
87 0
88 0.001
89 0.001
90 0
91 0.001
92 0.001
93 0
94 0.001
95 0.001
96 0
97 0.001
98 0.001
99 0
create_time 10000
0 0.004
1 0.005
2 0.005
3 0.005
4 0.008
5 0.006
6 0.006
7 0.006
8 0.006
9 0.006
10 0.007
11 0.005
12 0.002
13 0.003
14 0.004
15 0.003
16 0.004
17 0.004
18 0.005
19 0.004
20 0.004
21 0.006
22 0.005
23 0.003
24 0.002
25 0.003
26 0.004
27 0.003
28 0.004
29 0.004
30 0.004
31 0.004
32 0.004
33 0.004
34 0.005
35 0.002
36 0.003
37 0.003
38 0.004
39 0.003
40 0.004
41 0.004
42 0.004
43 0.004
44 0.005
45 0.005
46 0.004
47 0.002
48 0.003
49 0.004
50 0.003
51 0.004
52 0.005
53 0.007
54 0.005
55 0.005
56 0.006
57 0.006
58 0.003
59 0.003
60 0.003
61 0.003
62 0.004
63 0.003
64 0.003
65 0.004
66 0.005
67 0.005
68 0.005
69 0.005
70 0.002
71 0.003
72 0.003
73 0.003
74 0.003
75 0.005
76 0.004
77 0.004
78 0.005
79 0.005
80 0.005
81 0.003
82 0.003
83 0.003
84 0.003
85 0.004
86 0.004
87 0.004
88 0.004
89 0.004
90 0.004
91 0.005
92 0.005
93 0.002
94 0.003
95 0.003
96 0.003
97 0.004
98 0.003
99 0.004
create_time 100000
0 0.055
1 0.042
2 0.037
3 0.04
4 0.045
5 0.04
6 0.042
7 0.037
8 0.04
9 0.041
10 0.038
11 0.042
12 0.041
13 0.045
14 0.038
15 0.038
16 0.039
17 0.04
18 0.043
19 0.046
20 0.043
21 0.04
22 0.038
23 0.04
24 0.041
25 0.041
26 0.04
27 0.043
28 0.042
29 0.038
30 0.038
31 0.039
32 0.041
33 0.044
34 0.041
35 0.037
36 0.038
37 0.037
38 0.04
39 0.042
40 0.039
41 0.042
42 0.037
43 0.036
44 0.047
45 0.039
46 0.041
47 0.041
48 0.044
49 0.04
50 0.037
51 0.038
52 0.038
53 0.039
54 0.043
55 0.042
56 0.037
57 0.037
58 0.039
59 0.042
60 0.04
61 0.039
62 0.04
63 0.038
64 0.041
65 0.039
66 0.04
67 0.038
68 0.038
69 0.045
70 0.038
71 0.038
72 0.04
73 0.038
74 0.043
75 0.041
76 0.041
77 0.038
78 0.037
79 0.04
80 0.04
81 0.039
82 0.04
83 0.04
84 0.039
85 0.04
86 0.038
87 0.039
88 0.039
89 0.04
90 0.045
91 0.038
92 0.037
93 0.039
94 0.038
95 0.048
96 0.041
97 0.043
98 0.041
99 0.04
